22 2
2 23
2 8
0 3
3 4
5 6
7 5
7 6
22 8
9 27
0 9
0 10
9 10
31 10
10 3
11 10
10 18
11 3
12 11
11 33
12 13
33 12
11 4
11 13
14 13
33 13
33 14
36 14
4 15
11 15
11 16
5 4
17 5
16 4
5 16
16 13
17 7
16 17
18 0
28 18
18 19
19 16
19 55
19 6
16 6
16 56
16 20
20 56
7 20
2 21
21 22
21 8
24 2
22 23
21 23
23 25
25 2
24 25
23 24
26 24
21 25
26 23
26 25
27 24
26 27
24 9
28 24
9 28
29 28
27 29
27 25
25 29
9 29
29 24
28 0
29 31
31 9
30 28
30 18
18 29
29 30
18 31
11 18
11 32
18 32
32 34
33 32
33 34
34 18
35 18
34 35
35 19
13 35
36 33
34 36
13 34
13 36
14 37
14 38
39 14
36 39
36 37
13 37
37 38
38 39
37 39
37 40
40 38
39 40
16 15
35 16
7 16
41 42
43 41
42 43
43 57
44 45
62 44
45 62
0 44
44 46
46 0
46 3
3 47
47 48
3 48
49 48
47 49
49 52
18 49
50 48
49 50
3 50
51 3
51 50
51 49
52 51
52 53
52 64
53 51
53 64
65 53
53 54
66 51
6 4
51 4
55 4
55 6
51 55
6 56
56 7
57 41
59 41
59 57
57 42
58 57
41 58
60 41
59 58
43 58
58 60
43 60
60 61
61 58
44 60
62 60
61 43
62 61
44 43
44 61
46 62
61 46
0 45
0 62
18 62
18 46
47 46
18 47
18 63
19 63
63 49
51 63
63 52
64 63
65 64
66 64
66 53
65 66
54 66
67 65
67 54
66 67
65 54
1 65
67 1
1 54
19 51
64 51
