-0.022670 -0.192860 0.139241,0.109121
0.760296 0.047117 0.109829,0.051109
-0.243186 -1.491819 -0.008617,0.056060
-0.012561 0.315744 0.274033,0.157884
0.028737 1.065771 0.077598,0.092036
-0.012809 1.217536 0.177015,0.099018
0.079471 1.269433 0.159525,0.102173
0.004388 1.405525 0.209467,0.180622
-0.288906 -1.610456 0.159233,0.042366
-0.171846 -0.667397 0.057602,0.138804
-0.255161 -0.076510 0.139684,0.078486
-0.177204 0.497752 0.174491,0.167281
-0.321922 0.763661 0.043230,0.010632
-0.427331 0.712595 -0.010610,0.075857
-0.481740 0.428738 -0.024764,0.027971
-0.169398 1.091161 -0.080816,0.022101
-0.070375 1.213983 -0.072838,0.011795
-0.148416 1.403510 0.012782,0.051332
-0.124274 -0.105490 -0.168667,0.202842
0.004994 0.846659 -0.221744,0.097227
0.002016 1.403745 -0.166876,0.046827
-0.176790 -1.580063 -0.074040,0.072597
-0.194528 -1.564473 -0.102112,0.063453
-0.214159 -1.368223 -0.100981,0.060823
-0.195392 -1.221607 -0.094985,0.103687
-0.190814 -1.247305 -0.105593,0.100348
-0.244019 -1.231652 -0.069760,0.059098
-0.237400 -0.866583 -0.016554,0.079289
-0.085355 -0.694252 -0.064967,0.061985
-0.213920 -0.673182 -0.117447,0.108933
-0.182576 -0.204335 -0.184648,0.000000
-0.331285 -0.049782 -0.056053,0.050265
-0.249653 0.434442 -0.074071,0.000000
-0.340307 0.661689 -0.036719,0.000000
-0.338229 0.690501 -0.139352,0.000084
-0.285028 0.867701 -0.200810,0.057927
-0.488369 0.414335 -0.054438,0.059494
-0.593457 0.343557 -0.015987,0.057881
-0.667568 0.189319 0.015230,0.034015
-0.663424 0.167746 0.004678,0.032712
-0.729354 0.070771 0.050033,0.047900
0.228745 -1.592520 0.155045,0.065239
0.265842 -1.595725 0.104883,0.042206
0.215355 -1.539779 0.009010,0.030553
0.249260 -0.850470 -0.053579,0.104123
0.112717 -0.590995 0.057545,0.117043
0.344042 -0.181562 0.044864,0.187217
0.243576 0.346998 0.064907,0.131153
0.238419 0.709705 0.185213,0.045243
0.336194 0.686193 -0.012929,0.058091
0.296027 0.854959 0.091532,0.056962
0.394249 0.871083 0.016456,0.139071
0.419481 0.720392 0.057512,0.086421
0.481770 0.471552 0.013207,0.072923
0.616266 0.365070 0.027719,0.046149
0.127313 1.133486 -0.020984,0.000000
0.149874 1.396841 -0.018550,0.087326
0.172833 -1.583154 -0.092993,0.025757
0.160476 -1.386075 -0.082522,0.054443
0.185372 -1.427332 -0.123344,0.000282
0.195471 -1.262775 -0.024850,0.053233
0.172956 -1.132131 -0.133775,0.097293
0.136309 -0.788250 -0.034928,0.113238
0.355083 0.857466 -0.112891,0.053226
0.481952 0.563462 -0.022986,0.065069
0.559658 0.325398 0.018271,0.057945
0.549080 0.430280 -0.066046,0.046391
0.650131 0.199142 0.020377,0.028914
